
Element["" "" "" "" 27165 33071 0 0 0 100 ""]
(
	Pin[0 0 7874 2000 8474 5512 "" "1" ""]
	Pin[0 -16536 7874 2000 8474 5512 "" "3" ""]
	Pin[-16535 0 7874 2000 8474 5512 "" "2" ""]
	Pin[-16535 -16536 7874 2000 8474 5512 "" "4" ""]
	ElementLine [-27133 -26560 -27133 9661 1000]
	ElementLine [10630 9842 10630 -25984 1000]
	ElementLine [10630 -25984 -26377 -25984 1000]
	ElementLine [-26377 -25984 -26771 -26378 1000]
	ElementLine [11024 0 12205 0 1000]
	ElementLine [10630 -25984 10630 9055 1000]
	ElementLine [-26771 9842 10630 9842 1000]
	ElementLine [-15410 -31537 -15410 -26812 1000]
	ElementLine [-2024 -31537 -2024 -26812 1000]
	ElementLine [-2417 -31930 -2024 -31537 1000]
	ElementLine [-15410 -31930 -2417 -31930 1000]

	)
