
Element["" "" "" "" 20000 80000 0 0 0 100 ""]
(
	Pin[0 0 8000 2000 8600 4000 "" "1" ""]
	Pin[10000 0 8000 2000 8600 4000 "" "2" ""]
	Pin[20000 0 8000 2000 8600 4000 "" "3" ""]
	ElementLine [-5000 -70000 -5000 -15000 1000]
	ElementLine [-5000 -15000 25000 -15000 1000]
	ElementLine [25000 -15000 25000 -70000 1000]
	ElementLine [0 -5000 0 -15000 1000]
	ElementLine [10000 -5000 10000 -15000 1000]
	ElementLine [20000 -5000 20000 -15000 1000]
	ElementLine [25000 -70000 20000 -75000 1000]
	ElementLine [20000 -75000 0 -75000 1000]
	ElementLine [0 -75000 -5000 -70000 1000]
	ElementLine [25000 -45000 -5000 -45000 1000]
	ElementArc [10000 -65000 5000 5000 270 90 1000]
	ElementArc [10000 -65000 5000 5000 0 90 1000]
	ElementArc [10000 -65000 5000 5000 90 90 1000]
	ElementArc [10000 -65000 5000 5000 180 90 1000]

	)
